SINACILIN 1021145 260 8 1
GLIKOSAN 1042076 262 76 7
PRONISON 1047632 396 75 14
BENSEDIN 1071121 126 1 11
APAURIN 1071172 269 60 11
DIAZEPAM 1071701 204 65 11
TRODON 1087530 856 9 3
KLOMETOL 1124301 310 95 9
LOPERAMID 1126401 252 31 8
CEFALEKSIN 1321711 356 -1 1
PALITREX 1321872 400 64 1
CLINDAMYCIN 1326226 261 29 1
LASIX 1400142 242 28 13
BROMAZEPAM 1478526 935 60 11
BULARDI 1597536 539 24 4
EXODERIL 2065431 1486 74 10
PANKLAV 3021602 463 62 1
ENTEROFURYL 3126303 446 64 4
BLOKMAX 3162001 1677 57 3
BRUFEN 3162033 622 54 3
HEMOMYCIN 3325483 929 88 1
SINODERM 4152190 103 11 14
PANADOL 6759872 154 64 3
BERODUAL 7114129 540 78 12
RAPIDOL 7639743 541 41 3
ASPIRIN 7937945 254 49 5
DIKLOFEN 9647742 371 16 3
DIMIGAL 9772321 139 84 9
